1.767 1
0.846 1
1.082 1
-0.075 1
-0.843 1
3.623 1
-3.422 1
-4.795 1
-0.94 1
3.094 1
-1.259 1
4.0 1
4.598 1
1.616 1
5.553 1
0.69 1
-5.04 1
2.32 1
1.023 1
-5.496 1
-2.852 1
-1.105 1
0.286 1
2.486 1
-5.366 1
-1.251 1
1.325 1
1.134 1
-4.897 1
5.184 1
-2.898 1
2.21 1
-2.628 1
1.449 1
1.795 1
2.088 1
-1.307 1
-3.395 1
-3.457 1
-1.766 1
-2.326 1
-3.131 1
-3.932 1
-0.581 1
4.686 1
-0.776 1
-7.351 1
3.603 1
-2.551 1
1.398 1
4.356 2
-0.654 2
-5.984 2
-0.729 2
0.764 2
-6.497 2
-5.533 2
2.449 2
2.223 2
2.251 2
0.42 2
-3.888 2
-0.441 2
-4.495 2
-2.694 2
-4.151 2
-0.386 2
-0.815 2
1.389 2
4.852 2
-3.868 2
2.353 2
0.119 2
2.852 2
-5.065 2
1.855 2
0.981 2
-2.515 2
-3.242 2
-1.463 2
0.303 2
-1.633 2
-3.646 2
-0.788 2
1.031 2
-1.799 2
5.067 2
-3.915 2
-1.767 2
0.061 2
6.202 2
-0.5 2
-1.578 2
2.648 2
-0.998 2
2.647 2
-1.619 2
2.417 2
4.842 2
3.361 2
