0.283 -0.242
0.1 0.106
1.358 -2.287
-0.819 1.853
1.414 -2.393
0.557 -0.763
-1.147 2.476
-0.78 1.778
-0.813 1.843
0.81 -1.245
-0.332 0.927
0.173 -0.033
-0.601 1.44
-0.128 0.54
-0.779 1.778
-0.994 2.187
0.149 0.012
-0.571 1.381
2.126 -3.745
-0.671 1.572
-1.58 3.301
0.51 -0.673
-0.114 0.512
-1.19 2.559
1.449 -2.459
-0.1 0.487
-0.35 0.962
0.299 -0.273
0.998 -1.601
1.498 -2.552
1.558 -2.666
-0.766 1.753
-1.449 3.051
-1.42 2.997
-0.674 1.577
-0.005 0.306
0.229 -0.139
-0.889 1.987
0.617 -0.877
-0.095 0.477
-0.272 0.813
-1.159 2.5
-0.528 1.299
0.09 0.125
0.181 -0.048
-1.137 2.459
-0.059 0.408
0.644 -0.928
0.504 -0.661
1.091 -1.777
