0.139 1.347
0.547 0.135
-0.648 1.694
0.824 0.303
0.241 -0.662
0.565 -0.967
-0.711 -0.428
0.535 1.621
-0.256 0.795
1.024 0.403
-0.037 -1.939
0.627 -1.083
-0.143 -0.599
0.931 0.908
-0.634 1.404
1.523 0.195
-3.438 -0.657
-0.136 0.854
1.073 0.027
0.156 -0.859
-0.254 -0.165
-1.198 1.532
0.158 -0.628
-0.212 1.087
0.482 -0.338
-1.188 -0.042
0.066 -1.315
-0.735 -0.993
-0.724 -1.994
2.029 0.333
1.829 -0.759
0.313 0.599
0.339 0.613
1.138 -0.732
-0.807 -2.036
0.712 0.161
0.851 0.108
-0.85 0.623
0.603 -0.709
-0.451 -0.729
-0.118 -0.674
2.443 -0.188
-1.281 -0.778
-0.059 -0.77
0.041 0.47
-0.051 -1.536
-2.177 -1.344
0.279 -0.018
-0.421 0.066
-0.032 1.399
